2D-Data set:  transported gossan material (Riotinto, Spain)    
    7
sample
easting   metres
northing  metres
elevation metres
length    metres
gold      g/t
silver    g/t
  577 -2048.7  2200.0 458.7 30.00  0.77   31.42
  611 -2001.5  1949.2 437.5  4.00  0.30   24.50
  583 -2000.1  2049.9 446.3 16.00  0.51   55.81
  576 -2000.0  2249.5 457.9 28.00  0.50   20.93
  581 -1996.1  2146.1 449.0 10.00  1.31   59.40
  607 -1950.7  2000.5 439.5  2.00  1.90  225.00
  580 -1950.4  2099.8 448.1 10.00  0.74   43.50
  585 -1950.4  2199.3 455.0 26.00  0.93   31.15
  409 -1950.0  1975.0 437.2  9.00  1.27   85.50
  575 -1943.7  2289.8 458.2 26.00  0.69   42.35
  408 -1925.0  1975.0 438.0 10.00  1.45   86.93
  582 -1902.3  2152.1 449.7 16.00  0.47   42.25
  584 -1900.1  2249.2 455.6 22.00  0.66   40.41
  411 -1900.0  2025.0 434.2  9.00  1.47   98.21
  578 -1878.4  2331.1 457.2 24.00  0.60   39.83
  412 -1875.0  1975.0 436.1  7.50  1.47   41.20
  410 -1875.0  2025.0 432.9  9.00  1.42  133.96
  587 -1854.2  2211.5 452.3 24.00  0.59   21.27
  608 -1850.0  1999.4 437.1  6.00  2.23   45.67
  413 -1850.0  2000.0 436.3  7.50  1.66   29.00
  574 -1850.0  2301.0 456.4 24.00  0.95   18.21
  579 -1808.8  2343.9 459.4 18.00  0.81   22.46
  586 -1800.1  2250.5 461.5 16.00  1.17   34.44
  337 -1800.0  2775.0 433.3  7.50  1.11   99.50
  606 -1799.8  2049.8 435.3  2.00  1.85   66.00
  612 -1799.4  1947.2 439.1  8.00  1.89   49.50
  588 -1751.1  2352.3 454.3 32.00  0.80   21.69
  590 -1750.2  2251.7 456.3 26.00  0.54   39.08
  570 -1749.8  2300.6 460.5 20.00  1.04   27.35
  609 -1749.7  1999.9 439.5 10.00  1.67   48.80
  604 -1749.2  2200.4 443.7  4.00  2.90   58.25
  589 -1717.6  2265.2 459.4 22.00  0.77   22.45
  613 -1700.4  1951.0 441.6  8.00  0.91  100.12
  573 -1700.4  2349.3 454.9 38.00  0.81   20.87
  628 -1700.0  2150.0 436.1  3.00  1.38   50.50
  629 -1675.0  2175.0 436.9  1.50  1.75   71.00
  605 -1653.0  1997.6 440.8 14.00  0.99   34.29
  569 -1650.7  2299.9 458.3 32.00  0.72   24.59
  632 -1650.0  2050.0 443.0  9.00  0.68   86.50
  624 -1650.0  2075.0 432.1  4.50  0.40   22.67
  625 -1650.0  2100.0 431.5  7.00  1.59   26.86
  626 -1650.0  2125.0 431.3  7.00  1.22   45.07
  627 -1650.0  2150.0 432.5  9.00  1.11   48.83
  620 -1650.0  2175.0 433.3  7.50  0.88   31.00
  631 -1650.0  2200.0 432.5 10.00  1.82   40.95
  598 -1648.7  2099.4 434.1  8.00  1.39   38.25
  600 -1648.1  2202.5 433.3  8.00  1.98   51.00
  572 -1635.0  2351.8 457.8 37.00  0.75   27.91
  623 -1625.0  2100.0 433.5  3.00  3.32   67.25
  622 -1625.0  2125.0 434.0  3.00  1.85   20.50
  616 -1625.0  2150.0 432.0 10.00  1.10   49.10
  675 -1625.0  2175.0 427.5 12.00  1.11   64.56
  630 -1625.0  2200.0 435.3  4.50  0.78   17.33
  665 -1612.5  2137.5 426.0 15.00  1.24   51.20
  666 -1612.5  2162.5 429.0  9.00  1.06   56.33
  571 -1608.9  2308.0 453.9 44.00  1.05   28.50
  617 -1600.0  2150.0 432.0 10.00  2.34   46.88
  674 -1600.0  2175.0 427.3 12.00  1.14   44.12
  664 -1600.0  2200.0 427.7 12.00  1.01   46.19
  673 -1600.0  2225.0 428.8 10.50  1.21   56.00
  603 -1599.9  2049.7 428.5 16.00  2.62   91.16
  595 -1599.0  2250.9 434.2 26.00  1.93   52.50
  601 -1598.2  2149.4 427.9 18.00  1.16   56.83
  669 -1587.5  2137.5 424.2 12.00  1.43   79.94
  672 -1587.5  2162.5 425.8 15.00  2.25  125.45
  704 -1575.0  2050.0 418.3 10.00  2.68  139.00
  705 -1575.0  2075.0 418.8 10.00  2.17  145.20
  663 -1575.0  2225.0 430.1  7.50  0.90   26.00
  638 -1575.0  2250.0 432.1  6.00  0.96   15.25
  662 -1562.5  2087.5 427.4  4.50  1.65   42.00
  670 -1562.5  2112.5 424.2 12.00  1.69   78.00
  687 -1562.5  2162.5 427.5  6.00  1.23   31.25
  684 -1562.5  2187.5 428.2  4.50  1.95   44.00
  685 -1562.5  2212.5 429.0  3.00  1.68   41.50
  686 -1562.5  2237.5 430.8  6.00  1.88   23.50
   37 -1552.0  2399.0 423.8  4.00  0.57   35.50
  597 -1550.8  2099.5 423.6 28.00  1.87   62.14
  602 -1550.3  1999.8 435.9  2.00  1.50   29.00
  707 -1550.0  2050.0 421.9  3.00  0.55   56.50
  703 -1550.0  2075.0 421.5  4.50  1.77   85.50
  708 -1550.0  2125.0 418.4 10.00  0.94   80.30
  591 -1549.8  2299.3 439.4 14.00  1.59   45.86
  596 -1541.8  2206.4 427.9 38.00  1.91   66.13
  667 -1537.5  2112.5 428.0  4.50  2.40   44.67
  668 -1537.5  2137.5 428.2  4.50  1.48   25.00
  671 -1537.5  2162.5 428.0  4.50  2.25   40.00
  683 -1537.5  2212.5 427.2  6.00  1.86   20.88
  682 -1537.5  2237.5 428.2  4.50  1.40   25.33
  658 -1525.0  1950.0 428.5  4.50  0.85   50.33
  657 -1525.0  2025.0 428.8  3.00  1.78   24.75
  701 -1525.0  2050.0 420.6  4.50  0.67   87.00
  702 -1525.0  2075.0 417.9 10.00  1.16   67.90
  706 -1525.0  2100.0 417.7 10.00  1.80  128.73
  693 -1525.0  2125.0 420.0  6.00  1.26   49.00
  692 -1525.0  2150.0 417.6 10.00  1.20   65.50
  709 -1525.0  2175.0 417.5 10.00  1.34   71.33
  716 -1525.0  2200.0 417.5 10.50  1.10   77.93
  715 -1525.0  2225.0 418.0 10.50  1.19   67.57
  635 -1525.0  2250.0 429.5  3.00  2.12   41.75
  154 -1525.0  2450.0 420.7 10.00  0.41   25.20
  324 -1525.0  2500.0 415.5  6.00  0.10   13.25
  326 -1525.0  2525.0 415.1  4.50  0.57   10.67
  660 -1512.5  2112.5 428.1  4.50  1.78   25.33
  661 -1512.5  2137.5 427.9  4.50  2.38   31.00
  659 -1512.5  2162.5 428.3  4.50  1.60   23.00
  676 -1512.5  2187.5 426.4  9.00  1.42   20.50
  681 -1512.5  2212.5 428.5  3.00  1.65   20.50
  680 -1512.5  2237.5 425.8  9.00  2.38   62.92
  689 -1512.5  2262.5 428.0  4.50  0.73   46.67
  688 -1512.5  2287.5 428.8  4.50  1.20   57.33
   45 -1500.9  2449.1 422.5  4.00  1.62   91.50
  594 -1500.5  2149.7 423.4 32.00  2.47   70.91
  592 -1500.1  2250.8 435.0 24.00  1.64   54.42
  350 -1500.0  1925.0 424.6 10.00  2.25  134.53
  349 -1500.0  1950.0 424.1 10.00  2.68  177.12
  640 -1500.0  2000.0 420.6  1.50  0.70   88.00
  639 -1500.0  2025.0 420.2  3.00  0.55   91.50
  647 -1500.0  2050.0 418.3  7.50  1.16   45.40
  694 -1500.0  2075.0 417.2 10.00  1.10   60.83
  695 -1500.0  2100.0 417.2 10.00  1.19   57.85
  696 -1500.0  2125.0 417.2 10.00  0.99   58.30
  697 -1500.0  2150.0 417.2 10.00  1.62  116.08
  698 -1500.0  2175.0 417.5 10.00  2.10  102.60
  711 -1500.0  2200.0 418.8  7.50  2.62  102.10
  710 -1500.0  2225.0 421.2  3.00  2.90  104.00
  133 -1500.0  2375.0 418.1 10.00  1.42   93.85
   81 -1500.0  2400.0 417.6 13.50  0.41   49.19
  134 -1500.0  2425.0 420.3 10.00  1.46   95.15
  150 -1500.0  2450.0 420.4 10.00  0.82   62.51
  323 -1500.0  2500.0 415.0  6.00  1.21   33.00
  325 -1500.0  2525.0 414.8  6.00  0.88   53.25
  599 -1498.8  2050.6 434.9 24.00  1.96   63.21
  610 -1496.1  1951.4 426.1  6.00  2.57  176.83
   35 -1495.2  2541.5 415.4  4.00  1.73  126.75
  678 -1487.5  2187.5 428.0  3.00  1.75   50.00
  677 -1487.5  2212.5 426.5  9.00  1.68   55.17
  679 -1487.5  2237.5 426.0  9.00  1.82   43.75
  690 -1487.5  2262.5 427.5  6.00  1.68   65.25
  691 -1487.5  2287.5 427.8  6.00  1.29   38.50
   82 -1477.0  2473.0 420.7  7.50  1.31   66.65
  435 -1475.0  1925.0 416.0 10.00  1.35   71.53
  436 -1475.0  1950.0 415.6 10.00  1.57   42.92
  651 -1475.0  1975.0 415.3  8.50  1.30   24.44
  467 -1475.0  2000.0 415.9 10.00  1.29   32.03
  642 -1475.0  2025.0 416.7  9.00  0.84   39.75
  641 -1475.0  2050.0 418.4  6.00  1.24   60.75
  650 -1475.0  2075.0 419.1  4.50  2.38  120.67
  648 -1475.0  2100.0 417.0 10.00  0.87   56.33
  646 -1475.0  2125.0 417.0 10.00  1.49   91.83
  699 -1475.0  2150.0 416.8 10.00  1.76  135.45
  712 -1475.0  2200.0 417.4 10.00  1.87   75.20
  636 -1475.0  2225.0 427.8  4.50  1.80   51.83
  132 -1475.0  2375.0 418.1 10.00  1.48  116.83
  120 -1475.0  2400.0 418.3 10.00  0.79   83.83
  135 -1475.0  2425.0 418.1 10.00  0.77   68.50
  151 -1475.0  2450.0 419.9 10.00  0.83   48.03
  146 -1475.0  2475.0 421.3  7.50  2.37   69.35
  322 -1475.0  2500.0 415.8  6.00  0.19    9.12
  328 -1475.0  2525.0 413.4  9.00  1.81   98.50
  327 -1475.0  2550.0 412.5 10.00  1.56  120.10
  593 -1469.2  2281.0 436.1 22.00  2.29   34.91
   64 -1455.0  1999.1 411.5 16.00  1.26   45.19
  615 -1453.3  2118.4 420.6 36.00  1.16   43.92
  116 -1450.0  1925.0 416.6 10.00  1.10   27.99
  438 -1450.0  1950.0 415.6 10.00  1.80   39.92
  439 -1450.0  1975.0 415.5 10.00  1.54   36.38
  463 -1450.0  2000.0 415.1 10.00  0.94   26.60
  461 -1450.0  2025.0 416.9  7.50  1.03   20.30
  462 -1450.0  2050.0 416.2  9.00  1.35   38.75
  644 -1450.0  2075.0 416.0  9.00  0.96   32.42
  645 -1450.0  2125.0 417.2  4.50  0.87   24.67
  649 -1450.0  2150.0 415.7  8.50  1.44   66.29
  656 -1450.0  2175.0 418.8  6.00  1.77  100.81
  700 -1450.0  2200.0 418.2  7.50  1.67  102.80
  652 -1450.0  2225.0 420.5  1.50  1.70  145.00
  714 -1450.0  2250.0 420.5  1.50  1.45  116.00
  717 -1450.0  2300.0 417.5  6.00  1.62   93.75
  124 -1450.0  2350.0 418.4 10.00  1.13   87.58
  402 -1450.0  2375.0 408.3 10.00  1.03   61.90
  403 -1450.0  2400.0 408.6 10.00  0.32   22.45
  405 -1450.0  2425.0 410.0  7.50  0.51   44.10
  521 -1450.0  2450.0 412.4  9.00  0.58   21.17
  143 -1450.0  2475.0 423.8 10.00  2.24   60.38
  533 -1450.0  2500.0 414.0  6.00  2.60  154.75
  330 -1450.0  2525.0 413.2 10.00  2.80   85.95
  329 -1450.0  2550.0 412.7 10.00  2.20  134.98
  331 -1450.0  2575.0 413.1 10.00  1.80   83.95
  614 -1449.2  2198.4 427.4 22.00  1.63   62.05
   65 -1448.7  2351.2 416.1 12.00  1.43   86.58
   19 -1447.8  2499.6 417.8 12.00  2.92   77.00
   39 -1446.3  1901.4 418.4  6.00  0.95   47.67
   24 -1444.6  2579.0 402.2 32.00  1.87   99.09
  449 -1425.0  1925.0 409.7 10.00  0.84   93.55
  117 -1425.0  1950.0 416.9  7.50  1.41   93.63
  437 -1425.0  1975.0 415.0 10.00  1.33   70.49
  440 -1425.0  2000.0 415.1 10.00  1.28   61.55
  425 -1425.0  2025.0 415.2 10.00  1.48   64.05
  459 -1425.0  2050.0 414.6 10.00  1.59   53.53
  455 -1425.0  2075.0 414.6 10.00  1.35   32.30
  458 -1425.0  2100.0 415.2 10.00  2.02   49.50
  456 -1425.0  2125.0 415.3 10.00  2.00  122.43
  457 -1425.0  2150.0 415.8 10.00  1.91  107.22
  653 -1425.0  2175.0 415.6 10.00  1.38  130.38
  654 -1425.0  2200.0 415.6 10.00  1.71   90.25
  655 -1425.0  2225.0 418.0  6.00  2.12  101.25
  713 -1425.0  2250.0 417.9  6.00  1.86   78.88
  454 -1425.0  2350.0 408.2 10.00  0.96   89.12
  406 -1425.0  2375.0 408.0 10.00  1.00   64.68
  398 -1425.0  2400.0 409.4  9.00  0.51   14.92
  404 -1425.0  2425.0 410.9  6.00  0.15   13.25
  527 -1425.0  2450.0 412.7  7.50  0.51   68.00
  520 -1425.0  2475.0 411.5 10.00  0.81   44.05
  531 -1425.0  2500.0 411.6 10.00  0.82  123.50
  507 -1425.0  2525.0 411.7 10.00  2.13   74.95
  333 -1425.0  2550.0 413.3 10.00  1.44  173.28
  332 -1425.0  2575.0 412.7 10.00  1.79  127.97
   83 -1403.0  2501.0 411.6 19.50  1.05   85.83
   80 -1402.0  2318.0 407.4 27.00  1.06   69.51
   54 -1401.9  1952.7 409.0  6.00  1.82   53.17
   48 -1401.4  2350.3 408.1  2.00  1.65   48.00
   25 -1400.1  2449.9 417.7 10.00  0.48   42.40
  451 -1400.0  1925.0 411.5 10.00  1.04   53.65
  366 -1400.0  1950.0 403.0 10.00  1.74   77.50
  384 -1400.0  1975.0 403.0 10.00  1.88   80.93
   86 -1400.0  2000.0 403.6 30.00  2.21   82.96
  103 -1400.0  2025.0 413.7 10.00  1.80   97.13
  104 -1400.0  2050.0 414.9 10.00  1.86   69.74
  105 -1400.0  2075.0 415.1 10.00  1.69  102.50
   78 -1400.0  2100.0 412.3 16.50  1.82  100.01
  356 -1400.0  2325.0 404.5 10.00  1.99  114.03
  355 -1400.0  2350.0 404.6 10.00  0.62   26.50
  388 -1400.0  2400.0 410.4  7.50  0.67   20.90
  138 -1400.0  2425.0 419.9  7.50  1.35   74.40
  534 -1400.0  2450.0 412.9  7.50  0.36   31.10
  524 -1400.0  2475.0 411.9 10.00  1.77  133.01
  523 -1400.0  2500.0 411.8 10.00  1.41  141.15
  508 -1400.0  2525.0 412.0 10.00  1.05  137.00
  532 -1400.0  2550.0 412.3 10.00  1.73   70.15
  522 -1400.0  2575.0 412.8 10.00  1.39  168.25
   31 -1399.6  2549.5 406.7 30.00  1.70   69.93
   26 -1399.2  2049.9 408.6 22.00  1.80   60.32
   53 -1392.0  2146.7 412.2  8.00  2.47  115.69
   47 -1392.0  2251.6 408.6  6.00  2.93  174.83
  550 -1390.0  2125.0 411.0  9.00  1.24   89.75
  551 -1389.0  2150.0 409.2 12.00  1.29  111.31
  552 -1385.0  2175.0 405.6 15.00  1.31   85.15
  448 -1375.0  1925.0 410.4  6.00  1.56   68.00
  362 -1375.0  1950.0 403.5  9.00  0.32   28.67
  363 -1375.0  1975.0 403.1 10.00  0.75   75.18
  376 -1375.0  2000.0 403.8 10.00  1.26  109.50
  370 -1375.0  2025.0 403.7 10.00  0.87   82.65
  375 -1375.0  2050.0 403.5 10.00  1.65  108.55
  382 -1375.0  2075.0 403.7 10.00  1.81  108.07
  383 -1375.0  2100.0 404.2  9.00  0.37   30.50
  111 -1375.0  2125.0 415.2 10.00  0.85   96.81
  444 -1375.0  2200.0 405.5 10.00  0.68   81.21
  443 -1375.0  2225.0 406.3  7.50  2.08   97.10
  441 -1375.0  2250.0 404.6 10.00  1.32   53.67
  442 -1375.0  2275.0 404.3 10.00  0.70   22.15
  434 -1375.0  2300.0 404.4 10.00  0.86   54.33
  338 -1375.0  2325.0 404.4 10.00  1.47   73.35
  341 -1375.0  2350.0 404.2 10.00  0.33   17.86
  394 -1375.0  2375.0 412.1  3.00  0.65   49.00
  395 -1375.0  2400.0 413.9  1.50  0.40   10.00
  313 -1375.0  2425.0 417.1 10.00  0.60   54.75
  538 -1375.0  2450.0 413.2  7.50  0.35   35.94
  537 -1375.0  2475.0 412.9  9.00  0.34   45.50
  506 -1375.0  2500.0 411.8 10.00  1.24  121.55
  498 -1375.0  2525.0 412.0 10.00  0.83   54.85
  536 -1375.0  2550.0 412.3 10.00  0.84   53.45
  535 -1375.0  2575.0 412.5 10.00  1.53  154.25
   85 -1371.0  2561.0 408.3 29.50  1.60   73.31
   36 -1362.5  2587.9 403.2 34.00  1.92   95.55
    6 -1354.3  1895.9 414.8  2.00  1.55   86.00
  244 -1350.0  1900.0 410.2 10.00  1.81  152.68
  309 -1350.0  1925.0 402.7 10.00  1.71  104.88
  348 -1350.0  1950.0 401.1 10.00  1.70   62.58
  345 -1350.0  1975.0 402.9 10.00  2.97  103.15
  392 -1350.0  2000.0 394.7 10.00  1.76   66.00
  389 -1350.0  2050.0 394.5 10.00  2.45   60.45
  335 -1350.0  2075.0 403.7 10.00  1.19  111.08
  336 -1350.0  2100.0 403.6 10.00  1.15  100.70
  446 -1350.0  2125.0 405.9  6.00  0.09    6.50
  447 -1350.0  2150.0 407.6  6.00  0.26    7.88
  452 -1350.0  2175.0 408.7  6.00  0.30   23.88
  453 -1350.0  2200.0 407.1  7.50  0.37   41.20
  445 -1350.0  2225.0 405.5  9.00  0.73   90.33
  431 -1350.0  2250.0 404.4 10.00  0.66   26.58
  432 -1350.0  2275.0 404.5 10.00  0.69   43.50
  433 -1350.0  2300.0 405.8  7.50  0.49   34.70
  340 -1350.0  2325.0 404.7 10.00  2.23   89.30
  339 -1350.0  2350.0 404.1 10.00  1.36   52.40
  397 -1350.0  2375.0 411.6  4.50  0.05    2.33
  129 -1350.0  2400.0 421.0  4.50  1.33   80.83
  158 -1350.0  2425.0 418.6 10.00  0.67   41.28
  160 -1350.0  2450.0 419.2 10.00  0.35   34.70
  161 -1350.0  2475.0 419.3 10.00  0.71   57.06
  163 -1350.0  2500.0 419.0 10.00  0.87   69.88
  505 -1350.0  2525.0 413.7  7.50  0.81   47.20
  539 -1350.0  2550.0 412.4 10.00  1.28  104.25
   23 -1349.8  1999.9 397.7 20.00  1.88   77.70
   32 -1349.1  2397.9 421.3  4.00  1.30  123.25
   27 -1347.7  2100.4 405.5  6.00  1.47  114.33
   29 -1345.3  2200.4 409.9  2.00  0.20    8.00
  239 -1325.0  1900.0 408.2 10.00  1.72  127.35
  391 -1325.0  1925.0 395.4  9.00  1.08   83.67
  386 -1325.0  1950.0 395.0 10.00  1.12  126.38
  385 -1325.0  1975.0 394.8 10.00  2.05  100.40
  387 -1325.0  2000.0 394.6 10.00  1.69   42.38
  358 -1325.0  2025.0 394.2 10.00  1.95   67.88
  369 -1325.0  2050.0 394.9  9.00  3.04   81.00
  371 -1325.0  2075.0 394.8 10.00  2.77   81.93
  368 -1325.0  2100.0 394.7 10.00  1.00   45.53
  367 -1325.0  2125.0 395.5  9.00  0.99   46.67
  343 -1325.0  2325.0 404.9 10.00  1.46   89.93
  344 -1325.0  2350.0 404.2 10.00  2.22   90.43
  396 -1325.0  2375.0 409.4  9.00  1.03   60.08
  400 -1325.0  2400.0 411.0  6.00  0.48   25.25
  157 -1325.0  2425.0 418.4 10.00  1.72  110.69
  168 -1325.0  2450.0 418.6 10.00  1.19   90.09
  165 -1325.0  2475.0 417.7 10.00  1.21   88.88
   55 -1309.5  2324.9 401.3 16.00  1.84   79.88
   51 -1301.2  2150.9 398.9  4.00  1.97  119.00
   96 -1300.0  1800.0 401.6 15.00  2.00  173.95
  284 -1300.0  1900.0 407.4  9.00  1.44   68.00
  308 -1300.0  1925.0 402.0 10.00  1.35  138.95
  306 -1300.0  1950.0 401.6 10.00  2.63  157.81
  512 -1300.0  1975.0 389.9  9.00  1.69   86.42
  560 -1300.0  2000.0 384.5  7.00  0.54   72.75
  517 -1300.0  2025.0 389.7  9.00  1.90   72.83
  511 -1300.0  2050.0 389.4 10.50  2.65   85.00
  518 -1300.0  2075.0 389.0 12.00  2.19   66.12
  529 -1300.0  2100.0 389.7 12.00  1.66   68.69
  422 -1300.0  2150.0 395.8 10.00  1.98  117.40
  426 -1300.0  2350.0 406.0 10.00  1.24   81.58
  401 -1300.0  2375.0 408.6 10.00  2.05   95.28
  399 -1300.0  2400.0 409.0 10.00  1.51  103.97
  164 -1300.0  2425.0 417.8 10.00  1.11   74.60
  169 -1300.0  2450.0 416.3 10.00  1.52   79.55
   52 -1299.9  2049.9 396.0 22.00  2.38   67.91
   33 -1299.7  2449.8 418.4 10.00  1.91   88.50
   44 -1299.1  1949.2 396.7 12.00  1.20   83.17
   84 -1299.0  2399.0 412.7 18.00  1.19   64.10
   66 -1295.8  2375.0 406.7 12.00  1.67   76.92
   68 -1277.0  1970.0 400.5 37.00  2.07   88.33
  381 -1275.0  1925.0 394.9  7.50  0.09    6.00
  496 -1275.0  1950.0 393.6  1.50  1.05   84.50
  236 -1275.0  1975.0 399.7 10.00  1.62   81.97
  558 -1275.0  1975.0 384.7  7.00  2.09   76.36
  564 -1275.0  2000.0 384.6  6.00  1.44   91.50
  565 -1275.0  2025.0 385.2  7.00  1.61   62.07
  561 -1275.0  2050.0 385.1  7.00  2.70   88.07
  562 -1275.0  2075.0 385.5  7.00  2.48   44.21
  563 -1275.0  2100.0 385.9  7.00  2.44   75.71
  526 -1275.0  2125.0 389.2 12.00  1.88  124.25
  525 -1275.0  2150.0 389.3 12.00  1.48   97.31
  428 -1275.0  2350.0 406.0 10.00  1.51   76.70
  427 -1275.0  2375.0 405.0 10.00  1.50   69.65
  159 -1275.0  2400.0 417.7 10.00  1.77   55.23
  429 -1275.0  2450.0 407.7  6.00  0.67   19.62
   21 -1251.0  2101.4 384.9 20.00  2.13   93.15
   10 -1250.1  1899.7 403.5  2.00  1.50   67.50
   20 -1250.1  2000.1 389.4 20.00  1.92   59.90
  240 -1250.0  1900.0 401.9  6.00  1.36   84.62
  393 -1250.0  1925.0 396.1  6.00  0.63   23.75
  513 -1250.0  1950.0 389.9  7.50  1.09   27.70
  557 -1250.0  1975.0 384.7  7.00  1.80   68.86
  559 -1250.0  2000.0 384.8  7.00  2.17   67.71
  519 -1250.0  2025.0 389.5  9.00  1.73   68.33
  509 -1250.0  2050.0 389.0 10.00  1.97   63.25
  478 -1250.0  2075.0 389.3 10.00  2.37   75.55
  487 -1250.0  2100.0 389.4 10.00  1.80  106.05
  482 -1250.0  2125.0 389.7 10.00  1.44  119.20
  479 -1250.0  2150.0 389.6 10.00  2.35   96.40
  285 -1250.0  2175.0 393.9  9.00  1.28   71.17
  460 -1250.0  2200.0 396.7  9.00  1.81  105.67
  469 -1250.0  2250.0 397.4  7.50  1.48   49.20
  470 -1250.0  2275.0 398.6  6.00  1.25   70.25
  464 -1250.0  2300.0 396.0 10.00  1.70  115.05
   34 -1249.3  2400.0 407.7  8.00  1.14   61.75
   28 -1246.8  2199.8 396.6  4.00  2.05  108.00
   57 -1245.8  2295.7 394.1 14.00  1.50   72.43
   70 -1245.0  2155.0 392.5 11.70  1.63  130.08
   72 -1243.0  2197.0 393.2  9.00  1.79   87.70
   69 -1240.0  2120.0 389.7 18.00  1.07  108.75
  372 -1225.0  1875.0 395.4  7.50  0.63   51.30
  238 -1225.0  1900.0 400.1 10.00  2.22   77.90
  379 -1225.0  1925.0 394.7  9.00  1.50   54.67
  540 -1225.0  1950.0 390.6  6.00  1.40   74.75
  566 -1225.0  1975.0 384.7  7.00  1.58   78.36
  473 -1225.0  2000.0 388.4 10.00  1.57   58.50
  471 -1225.0  2025.0 388.5 10.00  1.83   60.98
  490 -1225.0  2050.0 387.7 12.00  1.72   71.81
  489 -1225.0  2075.0 388.5 10.00  1.68   86.10
  477 -1225.0  2100.0 389.0 10.00  1.54  119.03
  483 -1225.0  2125.0 388.7 10.00  1.53  141.18
  488 -1225.0  2150.0 388.3 10.00  1.75  134.50
  281 -1225.0  2175.0 393.1 10.00  1.99   83.95
  502 -1225.0  2200.0 387.7 12.00  2.10   90.19
  495 -1225.0  2225.0 387.3 12.00  2.05   70.25
  503 -1225.0  2250.0 388.9  9.00  1.62   51.75
   73 -1210.0  2197.0 391.1 20.50  2.23   68.70
   42 -1202.9  1749.9 401.5 12.00  1.80   31.00
   38 -1202.8  2256.1 390.4 22.00  1.83   89.32
   74 -1202.0  2100.0 385.4 27.00  1.39  104.72
   56 -1200.2  1950.8 386.5 24.00  2.10   46.79
   95 -1200.0  1800.0 397.6 15.00  1.25  138.38
    7 -1200.0  1800.2 398.4 14.00  2.25  105.43
   50 -1200.0  1849.1 404.1 10.00  1.98   96.40
  373 -1200.0  1875.0 396.0  6.00  2.06   69.25
  187 -1200.0  1900.0 395.1 10.00  1.22   39.41
  186 -1200.0  1925.0 399.4 10.00  1.12   57.40
  485 -1200.0  1950.0 388.2 10.00  1.25   53.25
  567 -1200.0  1975.0 384.5  7.00  1.52   56.07
  472 -1200.0  2000.0 388.1 10.00  1.51   55.12
  474 -1200.0  2025.0 388.4 10.00  1.77   72.38
   40 -1200.0  2049.5 378.4 30.00  2.61   83.87
  378 -1200.0  2050.0 388.3 10.00  1.77   78.65
  556 -1200.0  2075.0 385.5  7.00  1.84  122.86
  555 -1200.0  2100.0 385.6  7.00  1.95  154.30
  554 -1200.0  2125.0 385.5  7.00  1.61  129.86
   41 -1200.0  2149.3 384.3 18.00  2.23   91.61
  484 -1200.0  2150.0 388.5 10.00  1.88   79.95
  553 -1200.0  2175.0 385.5  7.00  2.13   81.46
  302 -1200.0  2200.0 389.0 10.00  2.36   71.38
   75 -1200.0  2250.0 388.1 27.00  1.40   75.43
   71 -1191.0  2148.0 388.3 22.50  1.54   90.15
  209 -1175.0  1875.0 394.8  9.00  1.62   64.62
  198 -1175.0  1900.0 395.3  7.50  1.52   44.50
  193 -1175.0  1925.0 393.8 10.00  1.56   51.83
  500 -1175.0  1950.0 388.0 10.00  1.66   61.45
  568 -1175.0  1975.0 385.0  7.00  1.20   50.86
  466 -1175.0  2000.0 388.3 10.00  1.14   50.55
  476 -1175.0  2025.0 388.3 10.00  2.01   85.12
  377 -1175.0  2050.0 388.2 10.00  1.37  103.86
  276 -1175.0  2075.0 388.9 10.00  1.37   65.38
  270 -1175.0  2100.0 388.8 10.00  1.88  104.08
  272 -1175.0  2125.0 388.9 10.00  0.81   67.90
  273 -1175.0  2150.0 389.0 10.00  1.65   77.97
  274 -1175.0  2175.0 388.9 10.00  1.43   76.02
  275 -1175.0  2200.0 388.8 10.00  1.57  112.00
  118 -1175.0  2250.0 392.3 19.50  1.28   97.00
   17 -1151.6  1999.6 380.9 38.00  1.67   53.95
   11 -1151.5  2101.8 379.3 28.00  2.00   79.54
   18 -1150.2  2199.8 382.3 22.00  1.80   96.77
  204 -1150.0  1900.0 397.1  4.50  1.22   57.75
  194 -1150.0  1925.0 394.4  9.00  1.27   40.96
  499 -1150.0  1950.0 388.7  9.00  1.40   43.33
  475 -1150.0  1975.0 388.4 10.00  1.54   62.12
  465 -1150.0  2000.0 388.7 10.00  1.08   45.30
  421 -1150.0  2025.0 389.1 10.00  1.06  107.28
  301 -1150.0  2050.0 389.5 10.00  1.11   62.95
  271 -1150.0  2075.0 388.7 10.00  2.13   81.03
  269 -1150.0  2100.0 388.7 10.00  1.66   79.83
  544 -1150.0  2125.0 385.1  6.00  1.86   86.88
  543 -1150.0  2150.0 385.1  6.00  1.39   84.50
  303 -1150.0  2175.0 388.8 10.00  0.96   81.40
   46 -1149.7  1751.0 399.4  6.00  4.03   32.17
    8 -1149.2  1899.9 393.7 10.00  0.46   16.42
   67 -1140.0  2030.0 384.0 37.00  1.27   73.83
  211 -1125.0  1950.0 394.1 10.00  1.33   46.39
  504 -1125.0  1975.0 388.8 10.00  1.53   44.40
  418 -1125.0  2000.0 389.1 10.00  1.06   54.15
  216 -1125.0  2025.0 389.5 10.00  1.17   72.65
  215 -1125.0  2050.0 389.5 10.00  1.70  103.47
  546 -1125.0  2075.0 385.6  6.00  2.04   82.12
  545 -1125.0  2100.0 385.9  6.00  1.58   73.62
  416 -1125.0  2175.0 388.2 10.00  1.88  109.10
   43 -1101.2  2049.6 381.4 24.00  2.26   81.33
   49 -1100.6  2148.9 381.6 24.00  2.18   91.42
   97 -1100.0  1800.0 386.3 16.50  1.75   42.52
  213 -1100.0  2000.0 389.5 10.00  1.19  159.09
  212 -1100.0  2025.0 388.7 10.00  1.38   89.66
  214 -1100.0  2075.0 389.5 10.00  1.60  103.41
   76 -1100.0  2100.0 379.9 41.00  1.48   56.73
  548 -1100.0  2125.0 385.6  6.00  1.72  142.12
  547 -1100.0  2150.0 385.1  6.00  1.13   82.38
  300 -1075.0  1750.0 394.9  6.00  2.65   30.38
  170 -1075.0  1825.0 394.1  4.50  1.53   22.00
  419 -1075.0  1975.0 389.7 10.00  1.90   93.10
  417 -1075.0  2000.0 389.1 10.00  1.88  118.78
  415 -1075.0  2025.0 389.1 10.00  2.08   89.33
  414 -1075.0  2050.0 388.2 10.00  1.62   84.58
  299 -1050.0  1750.0 394.0  9.00  1.84   17.50
  171 -1050.0  1800.0 386.5  6.00  1.70   26.00
  304 -1050.0  1825.0 387.9  3.00  2.45   36.50
   12 -1050.0  2000.0 382.0 14.00  1.91   87.00
    9 -1040.9  1903.6 394.7  2.00  1.85   37.00
  298 -1025.0  1750.0 393.6 10.00  2.05   17.68
  173 -1025.0  1800.0 386.3  6.00  1.80   32.50
  172 -1025.0  1825.0 385.6  7.50  1.30   21.40
    4 -1000.1  1799.3 374.2 26.00  1.46   60.35
   91 -1000.0  1700.0 401.4 13.50  1.18   24.67
  297 -1000.0  1750.0 394.0  9.00  3.01   18.83
   94 -1000.0  1800.0 379.8 19.50  2.02   46.12
  177 -1000.0  1825.0 387.4  7.50  1.34   47.10
  294  -975.0  1750.0 393.4 10.00  1.36    7.05
  179  -975.0  1800.0 386.5 12.00  1.17   16.44
  178  -975.0  1825.0 379.9  7.50  1.43   51.30
  295  -950.0  1750.0 392.5 10.00  1.90   12.35
  268  -950.0  1775.0 388.4  4.50  2.45   27.33
  175  -950.0  1800.0 387.3 10.50  1.21   23.21
  296  -925.0  1750.0 392.5 10.00  1.52   13.88
  267  -925.0  1775.0 386.4  6.00  1.70   19.75
  162  -925.0  1800.0 383.4 10.50  1.22   28.93
    5  -900.7  1796.1 378.1 22.00  1.36   32.71
   15  -900.3  1893.1 359.9 10.00  1.56   93.80
   92  -900.0  1700.0 401.3 16.50  1.07   20.05
  266  -900.0  1775.0 383.4 10.00  1.40   14.62
   90  -900.0  1800.0 380.8 13.50  1.40   24.00
  491  -875.0  1775.0 383.7  9.00  1.52   25.17
   16  -864.6  1856.4 363.9  4.00  2.35   35.50
   62  -848.2  1749.7 389.5 26.00  1.46   32.50
   14  -848.1  1896.9 353.2 14.00  1.90  109.67
  541  -825.0  1775.0 388.1 13.50  1.18  154.22
  260  -800.0  1775.0 394.9  6.00  1.14  147.50
    3  -788.3  1797.1 388.4 18.00  1.94  109.14
   98  -787.0  1787.0 390.8 22.50  1.21   77.75
  255  -775.0  1775.0 395.0  6.00  0.99   46.00
  256  -775.0  1800.0 395.1  6.00  1.19  103.00
   63  -759.8  1866.0 362.1 14.00  0.65   46.69
   13  -756.1  1907.4 358.3  2.00  0.15    4.00
  492  -750.0  1725.0 403.6  6.00  0.81   13.25
   61  -750.0  1750.0 393.2 20.00  1.65   25.50
  253  -750.0  1775.0 395.9  6.00  1.19   40.25
  254  -750.0  1800.0 395.9  6.00  1.14   90.50
  251  -725.0  1775.0 395.9  6.00  1.33   35.38
  252  -725.0  1800.0 395.9  6.00  1.90   37.75
  264  -725.0  1825.0 395.9  6.00  5.85   87.50
  250  -700.0  1775.0 397.6  6.00  1.88   36.25
  249  -700.0  1800.0 396.6  6.00  1.79   75.75
  262  -700.0  1825.0 396.4  6.00  1.57   55.62
    1  -699.8  1799.5 385.3 28.00  1.56   25.50
  258  -675.0  1775.0 397.6  6.00  1.80   64.25
  248  -675.0  1800.0 397.5  6.00  1.50   18.38
  263  -675.0  1825.0 397.6  6.00  2.45   19.75
   60  -650.6  1849.3 392.8 18.00  1.33   22.44
  257  -650.0  1775.0 398.4  6.00  2.10   29.75
  247  -650.0  1800.0 398.5  6.00  1.61   18.25
  265  -650.0  1825.0 398.0  6.00  1.19   19.00
   58  -647.0  1749.5 397.2  8.00  2.01   21.38
  261  -625.0  1775.0 398.9  6.00  1.65   25.88
  246  -625.0  1800.0 398.6  6.00  0.93   21.12
  259  -600.0  1775.0 398.9  6.00  1.54    8.50
    2  -599.8  1799.8 399.3  4.00  0.62    7.75
   59  -559.9  1840.3 397.9  8.00  0.74    7.75
   93  -508.0  1703.0 391.4  6.00  1.86   18.31
