Faroe Frederikssund Frederiksvaerk Gedser Halsskov Haslev Helsingoer Hilleroed Holbaek Hundested Jyderup Kalundborg Korsoer Koebenhavn Koege Maribo Nakskov FNykoebing SNykoebing Nysted Naestved Praestoe Ringsted Roskilde Roedbyhavn Sakskoebing Sjaellandsoddefaergehavn Skaelskoer Slagelse Soroe Stege Storeheddinge Stubbekoebing Taarsfaergehavn Vordingborg
0
114 0
129 18 0
48 162 177 0
88 94 111 136 0
48 74 89 96 65 0
144 46 43 192 151 104 0
134 22 21 182 115 94 24 0
98 36 53 146 63 54 81 57 0
142 31 13 190 124 102 57 34 66 0
103 58 75 151 51 59 119 78 27 88 0
110 78 95 158 53 80 139 99 44 108 22 0
85 95 112 133 6 66 152 116 64 125 52 51 0
104 41 54 152 110 64 47 41 66 67 83 103 111 0
66 53 67 114 74 26 82 72 56 80 65 85 75 42 0
44 158 173 53 121 93 188 178 143 186 148 143 119 148 110 0
68 183 197 77 146 117 212 202 167 210 172 167 143 172 134 27 0
25 139 153 24 113 73 169 158 123 166 128 134 110 128 91 29 53 0
133 73 90 181 89 89 135 94 35 104 42 56 90 99 89 177 201 158 0
42 156 170 41 130 90 186 176 140 184 145 152 127 145 108 24 55 17 175 0
39 83 97 87 50 25 125 115 61 110 66 71 47 85 47 72 96 83 96 80 0
26 101 115 74 74 35 130 120 85 128 90 96 72 90 52 70 94 50 119 67 25 0
63 57 72 111 47 19 104 70 35 85 40 61 48 64 27 107 131 88 70 105 25 49 0
86 28 42 134 76 46 72 40 32 55 49 69 77 35 25 131 155 111 65 128 55 73 30 0
59 173 188 68 136 108 203 193 158 201 163 158 134 163 125 18 32 44 192 30 87 85 122 146 0
33 147 162 42 110 81 177 167 132 175 136 132 108 137 99 9 38 18 166 18 61 59 96 119 29 0
149 90 106 197 105 105 151 110 50 119 57 72 105 114 105 193 217 173 26 191 111 135 86 80 208 182 0
70 05 112 118 21 56 151 115 64 125 52 55 15 110 73 103 128 95 90 112 32 56 47 76 118 92 105 0
74 76 93 122 18 47 133 97 45 106 33 37 19 92 56 107 132 99 71 116 36 60 29 58 122 96 87 18 0
67 66 84 115 33 34 120 87 36 97 40 53 34 79 43 111 135 91 70 109 29 53 16 45 126 100 86 31 15 0
25 129 144 73 103 63 159 149 114 157 118 125 100 119 81 69 94 50 148 67 54 27 78 101 84 58 164 85 89 82 0
64 79 93 112 96 37 109 98 83 106 87 107 97 68 23 108 132 89 116 106 45 41 49 51 123 97 131 77 78 65 68 0
16 130 144 41 104 64 160 149 114 157 119 125 101 119 81 45 69 22 149 38 54 41 79 102 60 34 164 86 90 82 41 80 0
75 190 204 84 153 124 219 209 174 217 179 174 150 179 141 34 10 61 209 62 103 101 138 162 42 45 224 135 139 142 101 139 76 0
13 108 122 61 78 42 138 128 91 136 95 100 75 97 60 45 70 38 125 55 28 19 55 80 60 34 141 60 64 59 28 58 29 77 0
