"year"	"week"	"aveTemp"	"maxTemp"	"relHum"	"sunHours"	"precip"
1998	1	4.3	7.2	93	3	28
1998	2	4.5	9.2	92	13	19
1998	3	4.7	8.1	91	9	17
1998	4	-1.1	4.1	84	18	8
1998	5	-1	4.9	73	28	2
1998	6	2.5	6.3	90	9	12
1998	7	6.6	10.1	94	3	25
1998	8	5.9	9.9	88	12	8
1998	9	5.1	10.3	84	17	10
1998	10	2	8.5	84	25	46
1998	11	2.2	8.8	69	39	2
1998	12	4.2	10.1	71	37	2
1998	13	5.3	13.1	68	39	6
1998	14	5.3	14.5	85	11	35
1998	15	5.1	10.5	85	11	9
1998	16	5.2	10.8	73	41	13
1998	17	9	14.6	81	31	13
1998	18	10.7	19.9	79	41	13
1998	19	11.3	21.9	73	54	11
1998	20	12.1	20	60	87	5
1998	21	10.6	19	66	71	2
1998	22	13.5	21.2	77	48	7
1998	23	13.3	19.9	75	44	12
1998	24	13	18.5	72	59	13
1998	25	13.9	23.8	68	57	12
1998	26	15.4	21.7	71	57	27
1998	27	13.9	19	82	34	20
1998	28	13.4	19.6	75	57	25
1998	29	13.5	19	73	59	28
1998	30	16.2	26.9	68	68	5
1998	31	15.1	20.4	77	28	30
1998	32	14.8	20.5	76	39	19
1998	33	16.5	23.6	71	51	9
1998	34	14.5	21.5	75	47	26
1998	35	12.8	18.8	69	56	6
1998	36	14.3	19.5	72	48	2
1998	37	14.9	20.3	84	20	41
1998	38	11.7	17.4	83	26	10
1998	39	13	17.2	87	7	1
1998	40	10.2	15.4	78	11	9
1998	41	9	12.8	87	12	27
1998	42	9	13.9	81	31	52
1998	43	9.2	14.3	89	17	52
1998	44	6.3	10.3	85	26	39
1998	45	3.8	7.6	90	14	22
1998	46	4	8	89	13	21
1998	47	-1.2	2.2	79	21	1
1998	48	0.8	3.1	95	1	4
1998	49	-1.1	2.9	93	8	7
1998	50	-2.1	4.8	90	15	12
1998	51	4.3	8.1	94	7	6
1998	52	2.9	8	88	10	34
1998	53	2.8	7.1	92	12	5
1999	1	2.4	9.2	90	8	23
1999	2	1.1	7.2	92	6	22
1999	3	4.9	8.9	92	8	18
1999	4	0.2	8.6	87	17	11
1999	5	2.7	8.6	86	18	9
1999	6	-3.2	2.5	87	28	6
1999	7	1.8	6	87	26	22
1999	8	2.5	7.5	86	21	18
1999	9	3.6	7.3	91	12	45
1999	10	1.2	5.8	86	16	11
1999	11	3.4	7.4	82	15	13
1999	12	4.3	11.4	87	20	14
1999	13	8.1	16.1	69	57	3
1999	14	8.1	13.8	85	23	8
1999	15	4.8	9.1	78	25	27
1999	16	7.9	15.8	72	56	4
1999	17	9.1	17.2	62	74	0
1999	18	9.4	16.2	62	69	7
1999	19	8.2	15.2	81	30	27
1999	20	12.6	20.5	62	78	4
1999	21	13.4	24.1	71	66	7
1999	22	12.6	18.6	77	51	32
1999	23	12.9	18.7	79	52	38
1999	24	14.6	21.3	72	78	17
1999	25	12.7	20.5	72	66	22
1999	26	15.7	22	81	41	18
1999	27	17.5	25.5	64	85	12
1999	28	17.6	26.7	72	63	20
1999	29	17.3	26.1	76	59	16
1999	30	17.7	26.9	58	92	1
1999	31	20	27.8	56	79	11
1999	32	15.6	22.3	74	44	34
1999	33	14.7	20.6	73	54	29
1999	34	15.8	21.7	69	58	5
1999	35	16.2	24.3	70	58	10
1999	36	17.6	24.6	70	62	0
1999	37	15.9	22.4	73	39	7
1999	38	15.7	20.8	87	28	44
1999	39	12.9	17.5	87	23	73
1999	40	10.5	15.4	83	33	23
1999	41	8.6	14.2	73	44	4
1999	42	7.3	11.1	83	19	9
1999	43	10.1	13.8	86	25	9
1999	44	8.9	14	87	15	5
1999	45	5.5	11.1	86	26	2
1999	46	1.6	5.4	84	12	11
1999	47	5.8	9.9	93	3	8
1999	48	3.9	10.1	87	11	40
1999	49	5.2	9.5	92	6	42
1999	50	0.1	6	90	10	18
1999	51	1.6	7.3	93	11	39
1999	52	1.7	6.4	96	5	7
2000	1	4.3	7.5	92	15	10
2000	2	3.2	7.6	92	9	9
2000	3	0.9	8.3	77	26	3
2000	4	3	7.9	89	12	31
2000	5	5.2	8.4	90	15	15
2000	6	4.4	7.2	88	14	25
2000	7	1.3	6.6	86	23	15
2000	8	3	8.2	85	24	14
2000	9	3.5	8.5	77	28	25
2000	10	3.9	9	85	12	24
2000	11	3.8	8.8	77	24	8
2000	12	4.7	11.8	78	32	12
2000	13	3.8	10.2	78	30	3
2000	14	5.3	12.8	66	49	5
2000	15	5.9	10.7	77	23	11
2000	16	9.7	17.6	78	33	17
2000	17	12.9	23.7	75	54	8
2000	18	12.3	19.7	62	74	0
2000	19	14	23.3	48	103	0
2000	20	13.3	26.1	66	68	12
2000	21	11.7	16.6	74	44	37
2000	22	10.8	17	74	54	13
2000	23	13.1	22.8	73	59	14
2000	24	13.1	20.5	67	64	1
2000	25	17.3	29.1	72	63	21
2000	26	12.6	19.3	77	32	8
2000	27	14.4	22.7	68	59	10
2000	28	14.1	20.2	74	54	17
2000	29	15.4	23.3	77	45	6
2000	30	16.2	22.8	80	28	8
2000	31	15.7	21.4	77	44	14
2000	32	14.7	21.3	70	52	6
2000	33	16.3	23.5	74	44	16
2000	34	14.8	21.9	63	67	4
2000	35	13.9	20	76	37	27
2000	36	13.6	19.1	72	35	14
2000	37	13.1	17.6	81	19	32
2000	38	12	17.6	69	54	0
2000	39	13.5	20.6	82	37	10
2000	40	11.7	17	83	27	13
2000	41	10.3	14.9	87	20	13
2000	42	11.2	15.4	86	20	2
2000	43	10.6	15.1	86	18	47
2000	44	7.9	11.8	86	16	37
2000	45	8	10	89	7	33
2000	46	6.2	9.8	92	13	26
2000	47	6.1	8.5	92	9	9
2000	48	7.7	11.1	94	8	18
2000	49	7.6	10.2	92	6	18
2000	50	6.5	11	90	6	32
2000	51	-0.1	4.5	90	15	2
2000	52	-1.2	2.3	90	11	11
2001	1	3.9	6.3	92	1	23
2001	2	0.7	5.5	91	21	3
2001	3	-0.5	1.8	91	3	2
2001	4	2.7	7.3	93	4	18
2001	5	-2.2	4.1	86	17	5
2001	6	1.9	8.1	91	10	35
2001	7	3.2	8.6	87	26	3
2001	8	0.3	6.4	77	30	4
2001	9	-2.7	2.1	84	17	5
2001	10	3.2	8.9	86	19	15
2001	11	2.3	8	82	25	12
2001	12	-0.6	4.2	68	40	2
2001	13	3	10.5	76	34	9
2001	14	6.4	13.4	85	23	19
2001	15	3.5	11.2	62	47	5
2001	16	4.1	10.7	70	47	7
2001	17	7.7	13.1	79	30	30
2001	18	8.8	17	66	67	7
2001	19	12.9	22	51	86	1
2001	20	11.1	19.1	73	52	14
2001	21	12.1	18.9	57	80	1
2001	22	11.4	17.8	82	28	31
2001	23	10.7	16.2	71	56	12
2001	24	11.6	17.7	66	74	9
2001	25	13.6	19.7	72	56	9
2001	26	16.6	23.8	71	68	12
2001	27	19.9	28.3	62	89	5
2001	28	15.6	21.9	72	53	31
2001	29	16.2	23	67	61	8
2001	30	18.7	25.4	62	83	3
2001	31	16.3	22.8	69	51	18
2001	32	15.3	20.5	73	53	46
2001	33	18.8	28.6	72	54	7
2001	34	18.5	25.6	72	49	19
2001	35	15.1	20.7	72	46	7
2001	36	13.3	19.3	75	35	35
2001	37	12.2	17.6	79	35	31
2001	38	12.9	16.8	85	18	49
2001	39	11.3	15.6	84	12	16
2001	40	13.3	17.5	85	26	25
2001	41	13.3	17.7	85	19	21
2001	42	11.5	17.4	86	17	1
2001	43	10.2	14	85	10	10
2001	44	10	14.7	83	15	15
2001	45	5.2	10.6	80	25	23
2001	46	5.2	10.5	82	24	4
2001	47	4.4	10.1	83	19	19
2001	48	3.6	7.2	91	12	16
2001	49	2.8	7.8	93	7	9
2001	50	1.4	6.7	92	11	1
2001	51	-0.1	6.1	83	12	17
2001	52	-1.8	4.9	92	5	27
2002	1	-1.6	5.7	84	21.6	3
2002	2	1.7	4.8	94	2.8	1
2002	3	3.4	7.2	95	3.2	19
2002	4	4.8	8.2	88	6.3	47
2002	5	7.2	11.2	83	15.6	27
2002	6	6.3	9.2	87	12.2	29
2002	7	3.9	9	83	24.3	9
2002	8	1.1	6.6	81	30.2	36
2002	9	2.4	7.4	82	23.2	34
2002	10	5.4	9.1	79	31.7	21
2002	11	3.9	10	75	28	4
2002	12	3.8	10.7	73	42.5	9
2002	13	4.9	14.2	64	49.1	0
2002	14	6.5	16.2	58	55.8	0.25
2002	15	6.4	12.1	64	37.4	1
2002	16	6.5	15.1	78	24	2
2002	17	9.1	16.2	73	32.4	17
2002	18	9.6	14.4	77	14.8	22
2002	19	13	21.6	66	71.5	1
2002	20	12.5	19.4	68	NA	6
2002	21	14.3	22.5	70	69.3	17
2002	22	13.8	20.5	68	72.3	12
2002	23	17.6	23.9	56	NA	1
2002	24	14.4	20.8	74	64.9	37
2002	25	16.8	27.2	70	NA	39
2002	26	13.9	18.8	71	NA	24
2002	27	14.3	19.1	78	NA	36
2002	28	17.9	27.6	68	78.2	34
2002	29	17.6	25.3	70	NA	29
2002	30	16.4	26.4	72	NA	12
2002	31	20.8	28.7	71	NA	31
2002	32	19.4	25.3	65	NA	15
2002	33	19.6	26.7	68	71	6
2002	34	20.8	27.3	61	80.5	9
2002	35	18.1	24.5	68	NA	12
2002	36	17.5	24.1	64	NA	10
2002	37	16.5	23.9	61	NA	0.25
2002	38	12.9	19.7	68	NA	17
2002	39	11.4	17	70	NA	5
2002	40	11.3	18.5	76	40.8	19
2002	41	6	9.5	70	NA	5
2002	42	4.5	9	83	NA	34
2002	43	7.8	12.1	85	NA	51
2002	44	5.3	9.9	80	NA	9
2002	45	3.2	7.7	82	NA	23
2002	46	5.9	9.3	92	NA	25
2002	47	2.8	7.5	85	NA	15
2002	48	4.6	7.4	92	NA	20
2002	49	2.5	6	83	NA	2
2002	50	-1.2	1.5	81	NA	0.25
2002	51	-0.3	4.7	88	8.3	0.25
2002	52	0.4	4.3	85	NA	28
2003	1	-5.4	0.6	85	NA	11
2003	2	-3.4	4.3	91	4.7	4
2003	3	4.5	7.1	88	NA	6
2003	4	4.1	7.5	93	NA	15
2003	5	-0.8	8.2	84	NA	21
2003	6	-0.3	2.8	90	NA	4
2003	7	-2.4	2.2	84	NA	0
2003	8	-1.1	5.2	83	NA	0
2003	9	-1	6	82	NA	1
2003	10	1.8	6.8	85	NA	10
2003	11	4.2	12.1	70	NA	5
2003	12	3.2	5	60	NA	0
2003	13	5.5	4	0	NA	0.25
2003	14	4.4	10.8	0	NA	4
2003	15	3	11.4	65	NA	8
2003	16	8.9	18	51	NA	0
2003	17	9.9	19.1	58	NA	19
2003	18	10.8	17.4	76	NA	37
2003	19	10.8	18.5	65	NA	5
2003	20	9.4	13.8	74	NA	23
2003	21	12.2	18.8	80	NA	36
2003	22	14.2	22	61	NA	0
2003	23	17.1	24.6	73	NA	30
2003	24	14.7	19.9	72	NA	10
2003	25	14.7	20.8	70	NA	11
2003	26	16.3	24.3	72	NA	23
2003	27	15.8	22.1	81	36.1	42
2003	28	16.4	22.8	69	NA	3
2003	29	20.4	27.8	68	NA	7
2003	30	18.7	25.2	72	NA	26
2003	31	19.2	27.2	58	NA	6
2003	32	20.2	29.2	52	NA	0
2003	33	18.6	28.7	60	NA	5
2003	34	17.3	23.9	68	NA	8
2003	35	14	22.7	64	NA	23
2003	36	14.6	21.6	68	NA	9
2003	37	14.3	20.3	75	NA	18
2003	38	16.2	22.7	72	NA	5
2003	39	12.1	23.1	63	NA	7
2003	40	9.7	15.9	70	NA	7
2003	41	9.4	14.3	76	NA	26
2003	42	5.6	11.9	72	NA	8
2003	43	2.3	8.3	70	36.4	7
2003	44	6.8	10.5	87	10.4	20
2003	45	7	11.8	86	NA	5
2003	46	5.3	9	88	11.6	6
2003	47	8	11.5	93	4.3	31
2003	48	5.5	8.8	92	11.5	5
2003	49	3.3	9.8	84	NA	1
2003	50	4.2	8.4	85	10.4	20
2003	51	3.8	8	89	6.6	25
2003	52	-1.8	3.6	87	12.8	4
2004	1	-1.8	3.6	87	12.8	4
2004	2	1.2	6.1	92	5.2	28
2004	3	1.5	5.1	92	6.9	33
2004	4	-1.3	3.9	84	7.9	5
2004	5	-1.3	5.7	91	15.4	37
2004	6	5.6	9.9	92	6.7	20
2004	7	1.4	6.9	86	19.3	6
2004	8	1.1	4.3	75	38	1
2004	9	0.1	3.8	79	32.2	8
2004	10	0.6	7.5	68	38.4	0
2004	11	2.7	9.4	78	20.9	11
2004	12	6.9	13.1	83	26.3	35
2004	13	3.3	9.4	77	28.1	5
2004	14	5.9	12.7	72	46	6
2004	15	5.4	11	76	35.9	14
2004	16	8.9	17	63	58.2	1
2004	17	9.3	15.9	73	36.4	16
2004	18	10.3	18.2	65	47.1	8
2004	19	12.8	21.1	77	31.2	19
2004	20	11	19.6	72	35.7	2
2004	21	9.8	17.3	63	65.4	4
2004	22	11	19.7	64	50.5	3
2004	23	13.8	20.9	61	73.3	3
2004	24	14.8	21.6	72	48.1	11
2004	25	12	18.5	73	35.8	18
2004	26	13.1	17.8	79	27.6	35
2004	27	13.9	19.1	75	41.3	25
2004	28	14.2	20.7	75	35.5	25
2004	29	14.8	21.7	71	39.9	13
2004	30	15.5	21.6	77	32.5	15
2004	31	17	25.4	63	62.7	4
2004	32	20.7	27.9	75	75.2	3
2004	33	19.8	27.7	67	67.5	16
2004	34	16.6	22.7	37	37	40
2004	35	15.3	20.4	74	28.6	33
2004	36	15.4	23.7	71	50.6	20
2004	37	15.2	22.7	60	59.8	9
2004	38	13.8	18.7	70	33.1	25
2004	39	12.1	16.3	78	29.5	32
2004	40	11.4	16.2	75	36	15
2004	41	9.8	15.7	75	33.4	15
2004	42	8.2	11.3	77	25.7	30
2004	43	10.5	14.2	86	14.5	33
2004	44	8.8	14.5	85	16.8	20
2004	45	7.8	12	84	18.8	8
2004	46	5.8	10.6	84	17.8	17
2004	47	3	10.2	78	22.5	18
2004	48	5.1	9.5	90	6.9	13
2004	49	5	9.3	91	8.8	7
2004	50	5.2	9	93	10.2	0.25
2004	51	4.1	8.4	89	8.7	17
2004	52	3.1	8.9	89	9.1	37
2004	53	2.6	8.1	92	9.8	19
2005	1	6.8	9.9	84	10.3	25
2005	2	4.8	10.8	85	NA	5
2005	3	2.7	6.6	83	16.1	24
2005	4	0.3	7.1	85	21.2	2
2005	5	2.4	7	83	24	0.25
2005	6	0.7	6.4	85	26.4	29
2005	7	-0.2	4	84	15.7	5
2005	8	-1.5	2.9	81	19.3	7
2005	9	-3.3	2.4	76	40.9	7
2005	10	0.4	5.8	77	38.2	10
2005	11	2.8	8.6	81	24.9	21
2005	12	4.9	12.7	79	36.3	7
2005	13	4.9	15.8	56	79.3	0
2005	14	6.5	17.5	69	35.2	14
2005	15	9.3	17.1	74	43.6	8
2005	16	6.4	12.8	54	67.6	0.25
2005	17	9.1	14.9	68	40.1	12
2005	18	9.5	18.5	75	37.2	21
2005	19	9.1	16.9	62	63.4	8
2005	20	10.3	18.8	68	44	18
2005	21	14.4	26.1	67	57.4	3
2005	22	11.2	18.5	81	11.7	36
2005	23	11.2	18.3	65	57.7	8
2005	24	14.5	21.8	73	54.5	12
2005	25	16.9	25.6	66	77.1	5
2005	26	16.6	23.6	62	73.5	3
2005	27	18.4	27.9	66	60.8	15
2005	28	17.8	27.1	68	53.3	14
2005	29	15.9	22.7	77	27.2	30
2005	30	16.1	22.5	76	24.1	34
2005	31	14.6	21	72	34.5	22
2005	32	14.6	20.6	77	18	8
2005	33	17.2	26.3	67	62.3	0
2005	34	15.2	24	73	34.3	21
2005	35	15.5	23.8	65	68.7	4
2005	36	16.7	24.9	67	51.3	1
2005	37	12.6	19.2	68	39.7	5
2005	38	14.4	20.5	73	36.5	1
2005	39	12	18.9	80	24.3	25
2005	40	12.3	18.2	79	44.3	2
2005	41	11.1	18.2	69	53.5	0.25
2005	42	9.1	14.2	79	26.7	16
2005	43	11.5	16	85	25.2	33
2005	44	11.5	15.3	89	8.9	30
2005	45	9.6	12.8	87	12	10
2005	46	3.5	11	78	28.7	15
2005	47	3	7.7	89	11.8	15
2005	48	1.8	5.3	90	10.7	5
2005	49	4.2	9.3	93	5	9
2005	50	3.1	8.5	82	25.1	13
2005	51	3.3	7.8	90	14	9
2005	52	-0.7	2.7	90	7.4	18
2006	1	-0.8	1.8	91	7.8	0.25
2006	2	0.6	5.8	92	11.8	5
2006	3	-1.6	3	91	9.4	24
2006	4	-2.8	2.3	87	25.5	3
2006	5	0.4	4.4	90	15.2	7
2006	6	1.1	6.3	91	15.2	22
2006	7	1.4	4.6	98	8.8	19
2006	8	-0.1	3.4	83	14.8	2
2006	9	-2.1	6.3	81	28.5	9
2006	10	-3.1	2.4	75	43.1	1
2006	11	-0.9	7.2	76	32.7	0.25
2006	12	1.1	7.2	71	38.8	11
2006	13	4.4	8.6	93	7.5	28
2006	14	4	8.8	82	24.6	18
2006	15	5.9	13.1	75	29.3	9
2006	16	6.8	12.2	74	31.8	15
2006	17	8	15.8	74	34.5	6
2006	18	12.8	21.4	80	80.3	1
2006	19	12.7	22.8	87	87.4	0.25
2006	20	10.5	14.8	85	10.7	37
2006	21	10	16.6	77	34.4	32
2006	22	10.9	16.6	72	48.8	7
2006	23	14.3	25	64	84.4	0.25
2006	24	17.3	27.1	66	65.7	2
2006	25	16	24.8	71	41.8	11
2006	26	16.2	25.7	69	52.2	11
2006	27	20.7	29.3	60	73.5	4
2006	28	17.1	25	59	76.5	7
2006	29	20.7	29.7	62	70	3
2006	30	21	29.7	60	69.4	18
2006	31	19	26.5	63	54	30
2006	32	17.1	24.7	70	31	41
2006	33	17.2	23.5	76	NA	40
2006	34	16.7	22.3	75	NA	28
2006	35	15.9	21.4	74	NA	27
2006	36	14.9	20.1	73	NA	5
2006	37	17.5	23.8	68	NA	0.25
2006	38	16.3	22.7	72	48.2	1
2006	39	16	22.5	81	28.4	20
2006	40	13.6	17.5	83	NA	35
2006	41	12.2	16.8	82	25	1
2006	42	12.2	16.1	88	13.6	33
2006	43	11.1	16.8	83	13.7	30
2006	44	9.8	13.8	81	17.5	22
2006	45	10.5	12.8	83	17	34
2006	46	10.7	13.1	89	9.7	17
2006	47	9.8	14	91	7.1	26
2006	48	10.1	11.5	93	9.9	20
2006	49	9.8	12.5	88	10.4	36
2006	50	8.8	11.1	90	7.4	37
2006	51	6.5	9.2	90	9.2	1
2006	52	5.9	9.8	90	4.9	25
2007	1	6.7	9	88	6.1	19
2007	2	7.6	11.1	87	6.2	39
2007	3	5.4	9.4	89	7.1	53
2007	4	0	7.1	81	24.3	10
2007	5	5.7	8.6	88	15.9	10
2007	6	0.2	5.3	83	20.4	7
2007	7	2.7	6.6	92	7.5	7
2007	8	1.1	5.7	94	0.4	46
2007	9	3.7	7.7	89	10.4	18
2007	10	6.2	11.1	89	14.7	18
2007	11	6.7	14.3	75	44.7	18
2007	12	5.4	12.6	67	56.4	5
2007	13	7.9	15	57	78.2	0
2007	14	6.5	13	66	49.1	4
2007	15	10.3	19.4	66	63.5	2
2007	16	8	20.3	59	51.5	5
2007	17	12.4	22.1	63	69.6	0.25
2007	18	10.6	18.9	59	79.1	6
2007	19	10.2	15.9	76	31.9	20
2007	20	10.8	18.3	68	0	24
2007	21	13	20.5	72	0	7
2007	22	14.2	20.9	73	0	17
2007	23	19.1	28.1	59	0	3
2007	24	15.4	28.2	68	47.4	34
2007	25	16.5	22.5	72	52.7	17
2007	26	13.8	19.7	79	27.8	75
2007	27	15.2	20.6	80	25.9	39
2007	28	15.8	24.4	72	41.2	19
2007	29	17	25.4	69	55	24
2007	30	15.6	20.7	75	35.1	35
2007	31	16.4	25.2	67	53	4
2007	32	18.9	25.9	73	53.7	7
2007	33	16.7	22.3	71	38	21
2007	34	17.5	23.2	80	26.1	21
2007	35	13	17.8	75	28.3	22
2007	36	13.5	21.1	NA	50	10
2007	37	12.9	19.8	NA	40	11
2007	38	12.9	21.4	NA	27	26
2007	39	12.1	23.2	NA	23	31
2007	40	10.2	18.8	NA	31	13
2007	41	9.2	16.7	NA	30	3
2007	42	8.5	16.5	NA	30	8
2007	43	6.9	13.2	NA	24	5
2007	44	8.5	15.4	NA	25	5
2007	45	5.8	11.9	NA	24	23
2007	46	3.6	10.4	NA	17	2
2007	47	4.4	9.5	NA	9	12
2007	48	4.8	10.4	NA	15	26
2007	49	6.2	12.3	NA	10	28
2007	50	2.4	7.4	NA	5	1
2007	51	1	7.2	NA	2	1
2007	52	4.7	9.4	NA	6	21
2008	1	0.7	6.6	NA	7	11
2008	2	4.8	8.8	NA	5	25
2008	3	5.4	11	NA	8	23
2008	4	4.7	9.4	NA	11	18
2008	5	3.8	8.4	NA	10	20
2008	6	5.2	11.3	NA	21	11
2008	7	2.6	9.3	NA	18	0
2008	8	6	11.2	NA	6	8
2008	9	5.7	9.5	NA	21	23
2008	10	4.4	11	NA	21	21
2008	11	5.1	12.2	NA	16	22
2008	12	0.9	8.9	NA	40	18
2008	13	3	15.8	NA	38	12
2008	14	5.7	14.5	NA	21	10
2008	15	5.1	14.3	NA	43	9
